route_id,service_id,trip_id,trip_headsign,direction_id,block_id,shape_id
1,305,102235020,,,157102,1:03
1,58,102270070,,,153107,1:03
1,58,102269070,,,154107,1:03
1,58,102268070,,,151107,1:03
1,58,102267070,,,402407,1:03
1,305,102243020,,,159102,1:03
1,305,102242020,,,1533102,1:03
1,305,102241020,,,159102,1:03
1,305,102240020,,,1533102,1:03
1,58,102271070,,,152107,1:03
1,305,102237020,,,952902,1:03
1,305,102238020,,,1533102,1:03
1,305,102234020,,,1522102,1:03
1,305,102232020,,,154102,1:03
1,305,102231020,,,156102,1:03
1,305,102229020,,,155102,1:03
1,305,102228020,,,151102,1:03
1,305,102227020,,,153102,1:03
1,305,102225020,,,152102,1:03
1,305,102224020,,,109102,1:03
1,305,102239020,,,159102,1:03
1,305,104569020,,,102102,1:03
1,305,102236020,,,159102,1:03
1,305,104734020,,,4010402,1:03
1,58,102272070,,,151107,1:03
1,64,102309010,,,403401,1:03
1,64,102308010,,,102101,1:03
1,64,102307010,,,1012101,1:03
1,64,102306010,,,102101,1:03
1,64,102305010,,,1012101,1:03
1,64,102304010,,,102101,1:03
1,64,102303010,,,1012101,1:03
1,58,102276070,,,150107,1:03
1,64,102301010,,,101101,1:03
1,58,102275070,,,157107,1:03
1,58,102277070,,,156107,1:03
1,58,102278070,,,157107,1:03
1,58,102279070,,,156107,1:03
1,58,102280070,,,157107,1:03
1,58,102281070,,,156107,1:03
1,58,102282070,,,157107,1:03
1,58,102274070,,,153107,1:03
1,58,102220070,,,105107,1:51
1,305,102183020,,,104102,1:51
1,58,102212070,,,151107,1:51
1,305,102184020,,,107102,1:51
1,58,102206070,,,101107,1:51
1,58,102207070,,,106107,1:51
1,305,102181020,,,103102,1:51
1,58,102208070,,,108107,1:51
1,58,102209070,,,107107,1:51
1,58,102210070,,,104107,1:51
1,58,102211070,,,101107,1:51
1,58,102214070,,,102107,1:51
1,58,102216070,,,103107,1:51
1,58,102217070,,,104107,1:51
1,305,104683020,,,1011102,1:51
1,58,102219070,,,106107,1:51
1,58,102221070,,,107107,1:51
1,58,102222070,,,104107,1:51
1,305,104681020,,,1011102,1:51
1,58,102213070,,,101107,1:51
1,305,102179020,,,107102,1:51
1,58,102218070,,,101107,1:51
1,305,102170020,,,107102,1:51
1,305,102178020,,,104102,1:51
1,58,102215070,,,105107,1:51
1,305,102169020,,,104102,1:51
1,305,102171020,,,102102,1:51
1,305,102172020,,,106102,1:51
1,305,102173020,,,103102,1:51
1,305,102174020,,,101102,1:51
1,305,102175020,,,107102,1:51
1,305,102176020,,,103102,1:51
1,305,102177020,,,109102,1:51
1,305,102168020,,,101102,1:51
1,305,102182020,,,109102,1:52
1,305,102187020,,,108102,1:52
1,305,102180020,,,102102,1:52
1,305,102188020,,,102102,1:52
1,305,104572020,,,151102,1:53
1,305,102259020,,,1533102,1:53
1,305,102260020,,,159102,1:53
1,305,102261020,,,1533102,1:53
1,305,102262020,,,159102,1:53
1,58,102283070,,,156107,1:53
1,305,102252020,,,156102,1:53
1,305,102263020,,,1533102,1:53
1,305,102257020,,,159102,1:53
1,305,102256020,,,157102,1:53
1,305,102255020,,,1522102,1:53
1,305,104571020,,,102102,1:53
1,305,102253020,,,154102,1:53
1,64,102311010,,,102101,1:53
1,305,102251020,,,157102,1:53
1,305,102250020,,,155102,1:53
1,305,102249020,,,151102,1:53
1,305,102247020,,,154102,1:53
1,305,102246020,,,152102,1:53
1,305,102245020,,,109102,1:53
1,305,102244020,,,1012102,1:53
1,305,102254020,,,1533102,1:53
1,58,102296070,,,151107,1:53
1,58,102286070,,,157107,1:53
1,58,102284070,,,157107,1:53
1,58,102287070,,,156107,1:53
1,58,102285070,,,156107,1:53
1,58,102289070,,,150107,1:53
1,58,102290070,,,1572107,1:53
1,58,102292070,,,151107,1:53
1,58,102293070,,,154107,1:53
1,64,102313010,,,102101,1:53
1,58,102295070,,,152107,1:53
1,64,102317010,,,102101,1:53
1,58,102297070,,,156107,1:53
1,58,102298070,,,153107,1:53
1,58,102299070,,,157107,1:53
1,58,102300070,,,150107,1:53
1,64,102310010,,,101101,1:53
1,64,102312010,,,1012101,1:53
1,64,102314010,,,1012101,1:53
1,64,102315010,,,102101,1:53
1,64,102316010,,,1012101,1:53
1,58,102294070,,,153107,1:53
10A,305,102352020,,,152102,10A:52
10A,64,102405010,,,102101,10A:52
10A,305,104747020,,,104102,10A:52
10A,64,102407010,,,102101,10A:52
10A,64,102406010,,,102101,10A:52
10A,58,102383070,,,153107,10A:52
10A,58,102393070,,,106107,10A:52
10A,305,102339020,,,102102,10A:52
10A,305,102340020,,,106102,10A:52
10A,305,102346020,,,103102,10A:52
10A,305,102351020,,,151102,10A:52
10A,305,102353020,,,154102,10A:52
10A,305,102356020,,,159102,10A:52
10A,305,102357020,,,159102,10A:52
10A,305,102358020,,,159102,10A:52
10A,305,102359020,,,155102,10A:52
10A,305,102354020,,,1522102,10A:52
10A,58,102382070,,,151107,10A:52
10A,64,102404010,,,101101,10A:52
10A,58,102384070,,,157107,10A:52
10A,58,102385070,,,156107,10A:52
10A,58,102386070,,,157107,10A:52
10A,58,102387070,,,156107,10A:52
10A,58,102388070,,,156107,10A:52
10A,58,102390070,,,101107,10A:52
10A,58,102391070,,,105107,10A:52
10A,58,102392070,,,104107,10A:52
10A,58,102394070,,,107107,10A:52
10A,58,102397070,,,104107,10A:52
10A,58,102398070,,,154107,10A:52
10A,305,102362020,,,158102,10A:52
10A,58,102395070,,,101107,10A:52
10A,305,102348020,,,102102,10A:55
10A,305,102347020,,,104102,10A:55
10A,305,102345020,,,1010102,10A:55
10A,305,102344020,,,103102,10A:55
10A,305,102341020,,,107102,10A:55
14,305,107490020,,,14011402,14:01
14,305,107498020,,,14011402,14:01
14,305,107497020,,,14011402,14:01
14,305,107496020,,,14011402,14:01
14,305,107495020,,,14011402,14:01
14,305,107494020,,,14011402,14:01
14,305,107493020,,,14011402,14:01
14,305,107499020,,,14011402,14:01
14,305,107491020,,,14011402,14:01
14,305,107489020,,,14011402,14:01
14,305,107536020,,,14021402,14:01
14,305,107492020,,,14011402,14:01
14,305,107500020,,,14011402,14:01
14,305,107535020,,,14021402,14:01
14,305,107534020,,,14021402,14:01
14,305,107486020,,,14011402,14:01
14,305,107353020,,,14031402,14:01
14,305,107308020,,,14021402,14:01
14,305,107307020,,,14021402,14:01
14,305,107306020,,,14021402,14:01
14,305,107305020,,,14021402,14:01
14,305,107228020,,,14011402,14:01
14,305,107227020,,,14011402,14:01
14,305,107226020,,,14011402,14:01
14,305,107533020,,,14021402,14:01
14,305,107456020,,,14021402,14:01
14,305,107480020,,,14011402,14:01
14,305,107479020,,,14011402,14:01
14,305,107478020,,,14011402,14:01
14,305,107477020,,,14011402,14:01
14,305,107476020,,,14011402,14:01
14,305,107475020,,,14011402,14:01
14,305,107474020,,,14011402,14:01
14,305,107473020,,,14011402,14:01
14,305,107472020,,,14011402,14:01
14,305,107471020,,,14011402,14:01
14,305,107467020,,,14021402,14:01
14,305,107463020,,,14011402,14:01
14,305,107488020,,,14011402,14:01
14,305,107458020,,,14011402,14:01
14,305,107487020,,,14011402,14:01
14,305,107561020,,,14021402,14:01
14,305,107454020,,,14021402,14:01
14,305,107453020,,,14011402,14:01
14,305,107451020,,,14011402,14:01
14,305,107446020,,,14021402,14:01
14,305,107445020,,,14011402,14:01
14,305,107355020,,,14031402,14:01
14,305,107481020,,,14011402,14:01
14,305,107482020,,,14011402,14:01
14,305,107483020,,,14011402,14:01
14,305,107484020,,,14011402,14:01
14,305,107485020,,,14011402,14:01
14,305,107354020,,,14031402,14:01
14,305,107460020,,,14021402,14:01
14,305,107537020,,,14021402,14:01
14,305,107551020,,,14021402,14:01
14,305,107550020,,,14021402,14:01
14,305,107549020,,,14021402,14:01
14,305,107548020,,,14021402,14:01
14,305,107538020,,,14021402,14:01
14,305,107552020,,,14021402,14:01
14,305,107544020,,,14021402,14:01
14,305,107547020,,,14021402,14:01
14,305,107546020,,,14021402,14:01
14,305,107539020,,,14021402,14:01
14,305,107540020,,,14021402,14:01
14,305,107541020,,,14021402,14:01
14,305,107542020,,,14021402,14:01
14,305,107543020,,,14021402,14:01
14,305,107545020,,,14021402,14:01
14,305,107554020,,,14021402,14:01
14,305,107555020,,,14021402,14:01
14,305,107556020,,,14021402,14:01
14,305,107557020,,,14021402,14:01
14,305,107558020,,,14021402,14:01
14,305,107559020,,,14021402,14:01
14,305,107560020,,,14021402,14:01
14,305,107553020,,,14021402,14:01
14,305,107225020,,,14011402,14:01
14,305,107635020,,,14011402,14:51
14,305,107568020,,,14021402,14:51
14,305,107633020,,,14011402,14:51
14,305,107634020,,,14021402,14:51
14,305,107567020,,,14021402,14:51
14,305,107566020,,,14021402,14:51
14,305,107581020,,,14021402,14:51
14,305,107564020,,,14021402,14:51
14,305,107576020,,,14021402,14:51
14,305,107565020,,,14021402,14:51
14,305,107580020,,,14021402,14:51
14,305,107579020,,,14021402,14:51
14,305,107578020,,,14021402,14:51
14,305,107571020,,,14021402,14:51
14,305,107569020,,,14021402,14:51
14,305,107575020,,,14021402,14:51
14,305,107574020,,,14021402,14:51
14,305,107573020,,,14021402,14:51
14,305,107570020,,,14021402,14:51
14,305,107572020,,,14021402,14:51
14,305,107265020,,,14011402,14:51
14,305,107577020,,,14021402,14:51
14,305,107449020,,,14021402,14:51
14,305,107583020,,,14021402,14:51
14,305,107584020,,,14021402,14:51
14,305,107585020,,,14021402,14:51
14,305,107586020,,,14021402,14:51
14,305,107587020,,,14021402,14:51
14,305,107588020,,,14021402,14:51
14,305,107589020,,,14021402,14:51
14,305,107590020,,,14021402,14:51
14,305,107464020,,,14011402,14:51
14,305,107461020,,,14021402,14:51
14,305,107459020,,,14011402,14:51
14,305,107330020,,,14021402,14:51
14,305,107452020,,,14011402,14:51
14,305,107266020,,,14011402,14:51
14,305,107448020,,,14011402,14:51
14,305,107444020,,,14011402,14:51
14,305,107443020,,,14031402,14:51
14,305,107442020,,,14021402,14:51
14,305,107394020,,,14031402,14:51
14,305,107393020,,,14031402,14:51
14,305,107522020,,,14011402,14:51
14,305,107331020,,,14021402,14:51
14,305,107528020,,,14011402,14:51
14,305,107329020,,,14021402,14:51
14,305,107267020,,,14011402,14:51
14,305,107457020,,,14021402,14:51
14,305,107632020,,,14021402,14:51
14,305,107507020,,,14011402,14:51
14,305,107506020,,,14011402,14:51
14,305,107505020,,,14011402,14:51
14,305,107504020,,,14011402,14:51
14,305,107503020,,,14011402,14:51
14,305,107502020,,,14011402,14:51
14,305,107508020,,,14011402,14:51
14,305,107582020,,,14021402,14:51
14,305,102641020,,,14021402,14:51
14,305,102706020,,,14031402,14:51
14,305,107527020,,,14011402,14:51
14,305,102640020,,,14011402,14:51
14,305,107524020,,,14011402,14:51
14,305,107466020,,,14011402,14:51
14,305,107465020,,,14021402,14:51
14,305,107468020,,,14021402,14:51
14,305,107521020,,,14011402,14:51
14,305,107525020,,,14011402,14:51
14,305,107509020,,,14011402,14:51
14,305,107526020,,,14011402,14:51
14,305,107523020,,,14011402,14:51
14,305,107520020,,,14011402,14:51
14,305,107519020,,,14011402,14:51
14,305,107518020,,,14011402,14:51
14,305,107516020,,,14011402,14:51
14,305,107515020,,,14011402,14:51
14,305,107514020,,,14011402,14:51
14,305,107513020,,,14011402,14:51
14,305,107517020,,,14011402,14:51
14,305,107510020,,,14011402,14:51
14,305,107512020,,,14011402,14:51
14,305,107511020,,,14011402,14:51
15,305,102750020,,,15011502,15:01
15,305,102759020,,,15511502,15:01
15,305,102758020,,,15511502,15:01
15,305,102757020,,,15511502,15:01
15,305,102756020,,,15511502,15:01
15,305,102755020,,,15511502,15:01
15,305,102753020,,,15011502,15:01
15,305,102748020,,,15011502,15:01
15,305,102751020,,,15011502,15:01
15,305,102749020,,,15011502,15:01
15,305,102760020,,,15511502,15:01
15,305,102747020,,,15011502,15:01
15,305,102746020,,,15011502,15:01
15,305,102752020,,,15011502,15:01
15,305,102768020,,,15011502,15:51
15,305,102770020,,,15511502,15:51
15,305,102774020,,,15511502,15:51
15,305,102773020,,,15511502,15:51
15,305,102766020,,,15011502,15:51
15,305,102771020,,,15511502,15:51
15,305,102761020,,,15011502,15:51
15,305,102767020,,,15011502,15:51
15,305,102775020,,,15511502,15:51
15,305,102765020,,,15011502,15:51
15,305,102764020,,,15011502,15:51
15,305,102763020,,,15011502,15:51
15,305,102762020,,,15011502,15:51
15,305,102772020,,,15511502,15:51
16,305,102842020,,,954902,16:03
16,305,102854020,,,952902,16:03
16,305,102857020,,,952902,16:04
16,58,102880070,,,955907,16:04
16,305,102852020,,,954902,16:04
16,305,102849020,,,951902,16:04
16,305,102850020,,,954902,16:04
16,305,102851020,,,953902,16:04
16,305,102853020,,,953902,16:04
16,58,102872070,,,151107,16:04
16,58,102873070,,,903907,16:04
16,58,102874070,,,901907,16:04
16,58,102875070,,,903907,16:04
16,305,102847020,,,952902,16:04
16,58,102879070,,,956907,16:04
16,305,102846020,,,954902,16:04
16,58,102881070,,,9531907,16:04
16,58,102882070,,,956907,16:04
16,58,102883070,,,955907,16:04
16,58,102884070,,,954907,16:04
16,58,102885070,,,954907,16:04
16,58,102886070,,,954907,16:04
16,64,102902010,,,101101,16:04
16,64,102908010,,,401401,16:04
16,305,104736020,,,905902,16:04
16,58,102877070,,,9531907,16:04
16,305,102845020,,,951902,16:04
16,305,102843020,,,953902,16:04
16,305,102841020,,,951902,16:04
16,305,102848020,,,953902,16:04
16,58,102828070,,,901907,16:05
16,305,102801020,,,902902,16:05
16,305,102802020,,,901902,16:05
16,305,102805020,,,903902,16:05
16,305,102806020,,,902902,16:05
16,305,102807020,,,901902,16:05
16,305,102808020,,,902902,16:05
16,305,102809020,,,901902,16:05
16,305,102810020,,,905902,16:05
16,58,102825070,,,901907,16:05
16,58,102827070,,,903907,16:05
16,305,102812020,,,901902,16:05
16,58,102829070,,,105107,16:05
16,58,102830070,,,903907,16:05
16,58,102831070,,,901907,16:05
16,58,102832070,,,105107,16:05
16,305,104798020,,,904902,16:05
16,305,104800020,,,904902,16:05
16,305,104802020,,,904902,16:05
16,58,102826070,,,902907,16:05
16,58,102891070,,,955907,16:52
16,58,102895070,,,955907,16:52
16,305,102861020,,,953902,16:52
16,305,102862020,,,951902,16:52
16,305,102863020,,,954902,16:52
16,305,102864020,,,952902,16:52
16,305,102865020,,,953902,16:52
16,305,102867020,,,954902,16:52
16,305,102868020,,,953902,16:52
16,305,102869020,,,954902,16:52
16,305,102871020,,,954902,16:52
16,305,102860020,,,952902,16:52
16,58,102892070,,,9531907,16:52
16,58,102894070,,,151107,16:52
16,58,102889070,,,9531907,16:52
16,58,102899070,,,903907,16:52
16,58,102900070,,,954907,16:52
16,64,102909010,,,101101,16:52
16,64,102910010,,,101101,16:52
16,64,102911010,,,101101,16:52
16,64,102912010,,,101101,16:52
16,64,102913010,,,101101,16:52
16,305,104737020,,,905902,16:52
16,58,102890070,,,956907,16:52
16,305,102858020,,,952902,16:52
16,58,102897070,,,954907,16:52
16,305,102859020,,,951902,16:52
16,305,102821020,,,901902,16:53
16,305,102815020,,,902902,16:53
16,305,102816020,,,903902,16:53
16,305,102817020,,,902902,16:53
16,305,102818020,,,901902,16:53
16,305,102820020,,,902902,16:53
16,305,102822020,,,905902,16:53
16,305,102823020,,,902902,16:53
16,58,102833070,,,901907,16:53
16,305,102813020,,,901902,16:53
16,305,104801020,,,904902,16:53
16,305,102819020,,,905902,16:53
16,305,104803020,,,904902,16:53
16,58,102834070,,,902907,16:53
16,305,104799020,,,904902,16:53
16,58,102840070,,,105107,16:53
16,58,102839070,,,901907,16:53
16,58,102837070,,,105107,16:53
16,58,102836070,,,901907,16:53
16,58,102835070,,,903907,16:53
16,58,102838070,,,903907,16:53
19,305,102923020,,,19511902,19:01
19,305,102926020,,,19021902,19:01
19,305,102922020,,,104102,19:01
19,305,102924020,,,19521902,19:01
19,305,102921020,,,19011902,19:01
19,305,102925020,,,19521902,19:01
19,305,102928020,,,104102,19:51
2,305,104698020,,,201202,2:01
2,305,104691020,,,202202,2:01
2,305,104692020,,,201202,2:01
2,305,104693020,,,202202,2:01
2,305,104694020,,,201202,2:01
2,305,104696020,,,201202,2:01
2,305,104699020,,,203202,2:01
2,305,104700020,,,201202,2:01
2,305,104701020,,,203202,2:01
2,305,104702020,,,201202,2:01
2,305,104703020,,,203202,2:01
2,305,104690020,,,201202,2:01
2,305,104704020,,,251202,2:01
2,305,104705020,,,203202,2:01
2,305,104706020,,,251202,2:01
2,305,104707020,,,203202,2:01
2,305,104708020,,,251202,2:01
2,305,104730020,,,251202,2:01
2,305,104697020,,,202202,2:01
2,305,104709020,,,203202,2:01
2,305,104695020,,,202202,2:01
21,58,103062070,,,408407,21:01
21,64,104766010,,,401401,21:01
21,64,104767010,,,401401,21:01
21,64,104768010,,,402401,21:01
21,64,104769010,,,402401,21:01
21,64,104771010,,,403401,21:01
21,64,104772010,,,403401,21:01
21,64,104765010,,,401401,21:01
21,58,103061070,,,407407,21:01
21,58,103060070,,,453407,21:01
21,58,103059070,,,150107,21:01
21,58,103051070,,,402407,21:01
21,64,104783010,,,402401,21:01
21,58,103050070,,,408407,21:01
21,58,103058070,,,454407,21:01
21,58,103052070,,,406407,21:01
21,58,103053070,,,409407,21:01
21,58,103054070,,,403407,21:01
21,58,103055070,,,4010407,21:01
21,58,103056070,,,408407,21:01
21,58,103057070,,,458407,21:01
21,58,103049070,,,401407,21:01
21,305,104657020,,,202202,21:51
21,305,104660020,,,201202,21:51
21,58,103071070,,,458407,21:51
21,58,103073070,,,150107,21:51
21,305,104600020,,,201202,21:51
21,305,104602020,,,201202,21:51
21,305,104654020,,,202202,21:51
21,305,104655020,,,202202,21:51
21,305,104656020,,,201202,21:51
21,305,104672020,,,251202,21:51
21,305,104658020,,,201202,21:51
21,64,104776010,,,401401,21:51
21,305,104671020,,,203202,21:51
21,305,104670020,,,251202,21:51
21,305,104669020,,,203202,21:51
21,305,104668020,,,251202,21:51
21,305,104667020,,,203202,21:51
21,305,104665020,,,203202,21:51
21,305,104664020,,,201202,21:51
21,305,104663020,,,203202,21:51
21,305,104662020,,,201202,21:51
21,305,104661020,,,203202,21:51
21,305,104659020,,,202202,21:51
21,305,104666020,,,251202,21:51
28,305,103099020,,,28012802,28:01
28,305,103112020,,,65374502,28:01
28,305,103111020,,,65374502,28:01
28,305,103110020,,,65374502,28:01
28,305,103109020,,,65374502,28:01
28,305,103108020,,,65374502,28:01
28,305,103107020,,,65374502,28:01
28,305,103105020,,,28022802,28:01
28,305,103104020,,,28022802,28:01
28,305,103096020,,,28012802,28:01
28,305,103102020,,,28022802,28:01
28,305,103097020,,,28012802,28:01
28,305,103101020,,,28022802,28:01
28,305,103113020,,,65374502,28:01
28,305,103103020,,,28022802,28:01
28,305,103115020,,,28022802,28:01
28,305,103116020,,,28012802,28:01
28,305,103098020,,,28012802,28:01
28,305,103114020,,,65374502,28:01
28,305,103131020,,,65374502,28:51
28,305,103137020,,,28022802,28:51
28,305,103135020,,,65374502,28:51
28,305,103132020,,,65374502,28:51
28,305,103134020,,,65374502,28:51
28,305,103133020,,,65374502,28:51
28,305,103129020,,,65374502,28:51
28,305,103128020,,,65374502,28:51
28,305,103126020,,,28022802,28:51
28,305,103125020,,,28012802,28:51
28,305,103124020,,,28022802,28:51
28,305,103123020,,,28012802,28:51
28,305,103122020,,,28022802,28:51
28,305,103121020,,,28012802,28:51
28,305,103120020,,,28022802,28:51
28,305,103119020,,,28012802,28:51
28,305,103118020,,,28022802,28:51
28,305,103117020,,,28012802,28:51
28,305,103130020,,,65374502,28:51
33,58,104229070,,,132937307,33:01
33,58,104238070,,,81937307,33:01
33,58,104237070,,,80937307,33:01
33,58,104236070,,,79937307,33:01
33,58,104235070,,,82937307,33:01
33,58,104234070,,,81937307,33:01
33,58,104233070,,,132937307,33:01
33,58,104232070,,,131937307,33:01
33,58,104230070,,,133937307,33:01
33,58,104245070,,,80937307,33:01
33,58,104228070,,,131937307,33:01
33,58,104227070,,,134937307,33:01
33,58,104231070,,,134937307,33:01
33,58,104247070,,,82937307,33:01
33,58,104257070,,,82937307,33:01
33,58,104256070,,,81937307,33:01
33,58,104255070,,,80937307,33:01
33,58,104254070,,,79937307,33:01
33,58,104253070,,,84937307,33:01
33,58,104252070,,,83937307,33:01
33,58,104251070,,,82937307,33:01
33,58,104243070,,,82937307,33:01
33,58,104248070,,,79937307,33:01
33,58,104239070,,,82937307,33:01
33,58,104246070,,,81937307,33:01
33,58,104205070,,,132937307,33:01
33,58,104244070,,,79937307,33:01
33,58,104226070,,,133937307,33:01
33,58,104242070,,,81937307,33:01
33,58,104241070,,,80937307,33:01
33,58,104240070,,,79937307,33:01
33,58,104249070,,,80937307,33:01
33,58,104213070,,,132937307,33:01
33,58,104220070,,,131937307,33:01
33,58,104219070,,,134937307,33:01
33,58,104218070,,,133937307,33:01
33,58,104217070,,,132937307,33:01
33,58,104216070,,,131937307,33:01
33,58,104203070,,,134937307,33:01
33,58,104214070,,,133937307,33:01
33,58,104223070,,,134937307,33:01
33,58,104212070,,,131937307,33:01
33,58,104211070,,,134937307,33:01
33,58,104210070,,,133937307,33:01
33,58,104209070,,,132937307,33:01
33,64,104420010,,,80937301,33:01
33,64,104394010,,,82937301,33:01
33,58,104215070,,,134937307,33:01
33,58,104202070,,,133937307,33:01
33,58,104194070,,,80937307,33:01
33,58,104195070,,,131937307,33:01
33,58,104196070,,,132937307,33:01
33,58,104197070,,,133937307,33:01
33,58,104198070,,,134937307,33:01
33,58,104199070,,,80937307,33:01
33,58,104221070,,,132937307,33:01
33,58,104201070,,,132937307,33:01
33,58,104222070,,,133937307,33:01
33,58,104204070,,,131937307,33:01
33,58,104206070,,,133937307,33:01
33,58,104207070,,,134937307,33:01
33,58,104208070,,,131937307,33:01
33,58,104224070,,,131937307,33:01
33,58,104225070,,,132937307,33:01
33,58,104200070,,,131937307,33:01
33,64,104459010,,,82937301,33:01
33,64,104469010,,,80937301,33:01
33,64,104450010,,,132937301,33:01
33,64,104451010,,,129937301,33:01
33,64,104452010,,,130937301,33:01
33,64,104453010,,,131937301,33:01
33,64,104454010,,,81937301,33:01
33,64,104455010,,,82937301,33:01
33,64,104456010,,,79937301,33:01
33,64,104448010,,,130937301,33:01
33,64,104458010,,,81937301,33:01
33,64,104447010,,,129937301,33:01
33,64,104460010,,,79937301,33:01
33,64,104461010,,,80937301,33:01
33,64,104462010,,,81937301,33:01
33,64,104463010,,,82937301,33:01
33,64,104464010,,,79937301,33:01
33,64,104465010,,,80937301,33:01
33,64,104466010,,,81937301,33:01
33,64,104467010,,,82937301,33:01
33,64,104396010,,,80937301,33:01
33,64,104457010,,,80937301,33:01
33,64,104440010,,,130937301,33:01
33,64,104430010,,,132937301,33:01
33,64,104431010,,,129937301,33:01
33,64,104432010,,,130937301,33:01
33,64,104433010,,,131937301,33:01
33,64,104434010,,,132937301,33:01
33,64,104435010,,,129937301,33:01
33,64,104436010,,,130937301,33:01
33,64,104437010,,,131937301,33:01
33,64,104449010,,,131937301,33:01
33,64,104439010,,,129937301,33:01
33,64,104470010,,,81937301,33:01
33,64,104441010,,,131937301,33:01
33,64,104429010,,,131937301,33:01
33,64,104428010,,,130937301,33:01
33,64,104442010,,,132937301,33:01
33,305,103952020,,,134091602,33:01
33,64,104443010,,,129937301,33:01
33,64,104444010,,,130937301,33:01
33,64,104445010,,,131937301,33:01
33,64,104446010,,,132937301,33:01
33,64,104438010,,,132937301,33:01
33,64,104416010,,,80937301,33:01
33,64,104468010,,,79937301,33:01
33,64,104407010,,,79937301,33:01
33,64,104408010,,,80937301,33:01
33,64,104409010,,,131937301,33:01
33,64,104410010,,,132937301,33:01
33,64,104411010,,,79937301,33:01
33,64,104412010,,,80937301,33:01
33,64,104413010,,,131937301,33:01
33,64,104405010,,,131937301,33:01
33,64,104415010,,,79937301,33:01
33,64,104404010,,,80937301,33:01
33,64,104417010,,,131937301,33:01
33,64,104418010,,,132937301,33:01
33,64,104419010,,,79937301,33:01
33,64,104427010,,,129937301,33:01
33,64,104426010,,,132937301,33:01
33,64,104425010,,,131937301,33:01
33,64,104424010,,,80937301,33:01
33,64,104423010,,,79937301,33:01
33,64,104422010,,,132937301,33:01
33,64,104414010,,,132937301,33:01
33,58,104250070,,,81937307,33:01
33,64,104471010,,,82937301,33:01
33,64,104472010,,,79937301,33:01
33,64,104473010,,,80937301,33:01
33,64,104474010,,,81937301,33:01
33,64,104475010,,,82937301,33:01
33,64,104476010,,,79937301,33:01
33,64,104477010,,,80937301,33:01
33,64,104391010,,,79937301,33:01
33,64,104406010,,,132937301,33:01
33,64,104393010,,,81937301,33:01
33,64,104421010,,,131937301,33:01
33,64,104395010,,,79937301,33:01
33,58,104193070,,,134937307,33:01
33,64,104397010,,,131937301,33:01
33,64,104398010,,,132937301,33:01
33,64,104399010,,,79937301,33:01
33,64,104400010,,,80937301,33:01
33,64,104401010,,,131937301,33:01
33,64,104402010,,,132937301,33:01
33,64,104403010,,,79937301,33:01
33,64,104392010,,,80937301,33:01
33,305,103850020,,,134191602,33:01
33,305,103924020,,,82937302,33:01
33,305,103930020,,,81937302,33:01
33,305,103929020,,,79937302,33:01
33,305,103928020,,,80937302,33:01
33,305,103927020,,,81937302,33:01
33,305,103926020,,,80937302,33:01
33,305,103841020,,,132937302,33:01
33,305,103842020,,,134191602,33:01
33,305,103843020,,,130937302,33:01
33,305,103844020,,,131937302,33:01
33,305,103845020,,,132937302,33:01
33,305,103846020,,,134191602,33:01
33,305,103847020,,,130937302,33:01
33,305,103932020,,,133991602,33:01
33,305,103856020,,,131937302,33:01
33,305,103894020,,,83937302,33:01
33,305,103861020,,,80937302,33:01
33,305,103860020,,,79937302,33:01
33,305,103859020,,,131937302,33:01
33,305,103858020,,,130937302,33:01
33,305,103848020,,,131937302,33:01
33,58,104192070,,,133937307,33:01
33,305,103849020,,,132937302,33:01
33,305,103855020,,,130937302,33:01
33,305,103854020,,,129937302,33:01
33,305,103853020,,,134191602,33:01
33,305,103852020,,,132937302,33:01
33,305,103851020,,,131937302,33:01
33,305,103933020,,,129937302,33:01
33,305,103857020,,,132937302,33:01
33,305,103947020,,,133991602,33:01
33,305,103838020,,,129937302,33:01
33,305,103839020,,,130937302,33:01
33,305,103840020,,,131937302,33:01
33,305,103972020,,,130937302,33:01
33,305,103971020,,,129937302,33:01
33,305,103970020,,,134191602,33:01
33,305,103969020,,,130937302,33:01
33,305,103968020,,,129937302,33:01
33,305,103967020,,,134091602,33:01
33,305,103966020,,,132937302,33:01
33,305,103965020,,,131937302,33:01
33,305,103951020,,,82937302,33:01
33,305,103950020,,,81937302,33:01
33,305,103931020,,,82937302,33:01
33,305,103941020,,,82937302,33:01
33,305,103934020,,,80937302,33:01
33,305,103935020,,,81937302,33:01
33,305,103936020,,,82937302,33:01
33,305,103937020,,,133991602,33:01
33,305,103938020,,,129937302,33:01
33,305,103949020,,,80937302,33:01
33,305,103940020,,,81937302,33:01
33,305,103948020,,,129937302,33:01
33,305,103942020,,,133991602,33:01
33,305,103943020,,,129937302,33:01
33,305,103944020,,,80937302,33:01
33,305,103945020,,,81937302,33:01
33,305,103946020,,,82937302,33:01
33,305,103923020,,,81937302,33:01
33,305,103939020,,,80937302,33:01
33,305,103882020,,,134191602,33:01
33,305,103925020,,,79937302,33:01
33,305,103905020,,,81937302,33:01
33,305,103904020,,,80937302,33:01
33,305,103903020,,,82937302,33:01
33,305,103902020,,,81937302,33:01
33,305,103901020,,,80937302,33:01
33,305,103900020,,,79937302,33:01
33,305,103899020,,,82937302,33:01
33,305,103898020,,,81937302,33:01
33,305,103897020,,,80937302,33:01
33,305,103877020,,,132937302,33:01
33,305,103878020,,,134191602,33:01
33,305,103879020,,,130937302,33:01
33,305,103907020,,,83937302,33:01
33,305,103887020,,,130937302,33:01
33,305,103895020,,,82937302,33:01
33,305,103893020,,,79937302,33:01
33,305,103892020,,,83937302,33:01
33,305,103891020,,,82937302,33:01
33,305,103890020,,,81937302,33:01
33,305,103880020,,,131937302,33:01
33,305,103888020,,,131937302,33:01
33,305,103881020,,,132937302,33:01
33,305,103886020,,,134191602,33:01
33,305,103885020,,,132937302,33:01
33,305,103884020,,,131937302,33:01
33,305,103896020,,,79937302,33:01
33,305,103883020,,,130937302,33:01
33,305,103876020,,,131937302,33:01
33,305,103889020,,,132937302,33:01
33,305,103862020,,,81937302,33:01
33,305,103922020,,,80937302,33:01
33,305,103921020,,,79937302,33:01
33,305,103920020,,,82937302,33:01
33,305,103919020,,,81937302,33:01
33,305,103918020,,,80937302,33:01
33,305,103917020,,,79937302,33:01
33,305,103916020,,,82937302,33:01
33,305,103915020,,,81937302,33:01
33,305,103914020,,,80937302,33:01
33,305,103913020,,,79937302,33:01
33,305,103912020,,,83937302,33:01
33,305,103911020,,,82937302,33:01
33,305,103910020,,,81937302,33:01
33,305,103906020,,,82937302,33:01
33,305,103868020,,,82937302,33:01
33,305,103875020,,,130937302,33:01
33,305,103874020,,,134191602,33:01
33,305,103873020,,,132937302,33:01
33,305,103872020,,,131937302,33:01
33,305,103871020,,,130937302,33:01
33,305,103909020,,,80937302,33:01
33,305,103869020,,,132937302,33:01
33,305,103908020,,,79937302,33:01
33,305,103867020,,,81937302,33:01
33,305,103866020,,,80937302,33:01
33,305,103865020,,,79937302,33:01
33,305,103864020,,,83937302,33:01
33,305,103863020,,,82937302,33:01
33,305,103835020,,,131937302,33:01
33,305,103870020,,,134191602,33:01
33,58,104147070,,,79937307,33:01
33,305,103836020,,,132937302,33:01
33,58,104160070,,,80937307,33:01
33,58,104159070,,,79937307,33:01
33,58,104158070,,,134937307,33:01
33,58,104157070,,,83937307,33:01
33,58,104156070,,,82937307,33:01
33,58,104155070,,,81937307,33:01
33,58,104154070,,,80937307,33:01
33,58,104153070,,,79937307,33:01
33,58,104152070,,,134937307,33:01
33,58,104151070,,,83937307,33:01
33,58,104150070,,,82937307,33:01
33,58,104162070,,,82937307,33:01
33,58,104148070,,,80937307,33:01
33,58,104163070,,,83937307,33:01
33,58,104146070,,,84937307,33:01
33,58,104145070,,,83937307,33:01
33,58,104144070,,,82937307,33:01
33,58,104143070,,,81937307,33:01
33,58,104142070,,,80937307,33:01
33,58,104141070,,,79937307,33:01
33,58,104140070,,,84937307,33:01
33,58,104139070,,,83937307,33:01
33,58,104138070,,,82937307,33:01
33,58,104137070,,,81937307,33:01
33,58,104136070,,,80937307,33:01
33,305,103837020,,,134191602,33:01
33,58,104135070,,,79937307,33:01
33,58,104149070,,,81937307,33:01
33,58,104177070,,,79937307,33:01
33,58,104191070,,,132937307,33:01
33,58,104190070,,,131937307,33:01
33,58,104189070,,,80937307,33:01
33,58,104188070,,,134937307,33:01
33,58,104187070,,,83937307,33:01
33,58,104186070,,,132937307,33:01
33,58,104185070,,,131937307,33:01
33,58,104184070,,,80937307,33:01
33,58,104183070,,,79937307,33:01
33,58,104182070,,,134937307,33:01
33,58,104181070,,,83937307,33:01
33,58,104180070,,,132937307,33:01
33,58,104161070,,,81937307,33:01
33,58,104178070,,,80937307,33:01
33,58,104134070,,,84937307,33:01
33,58,104176070,,,134937307,33:01
33,58,104175070,,,83937307,33:01
33,58,104174070,,,132937307,33:01
33,58,104173070,,,131937307,33:01
33,58,104172070,,,80937307,33:01
33,58,104171070,,,79937307,33:01
33,58,104170070,,,134937307,33:01
33,58,104169070,,,83937307,33:01
33,58,104168070,,,82937307,33:01
33,58,104167070,,,81937307,33:01
33,58,104166070,,,80937307,33:01
33,58,104165070,,,79937307,33:01
33,58,104164070,,,134937307,33:01
33,58,104179070,,,131937307,33:01
33,305,103959020,,,130937302,33:01
33,58,104133070,,,83937307,33:01
33,305,103957020,,,134091602,33:01
33,305,103953020,,,129937302,33:01
33,305,103954020,,,130937302,33:01
33,305,103958020,,,129937302,33:01
33,305,103956020,,,132937302,33:01
33,305,103830020,,,80937302,33:01
33,305,103833020,,,134191602,33:01
33,305,103829020,,,79937302,33:01
33,305,103964020,,,130937302,33:01
33,305,103963020,,,129937302,33:01
33,305,103962020,,,134091602,33:01
33,305,103961020,,,132937302,33:01
33,305,103960020,,,131937302,33:01
33,305,103831020,,,131937302,33:01
33,58,104126070,,,80937307,33:01
33,58,104132070,,,82937307,33:01
33,58,104131070,,,81937307,33:01
33,58,104130070,,,80937307,33:01
33,305,103955020,,,131937302,33:01
33,58,104129070,,,79937307,33:01
33,305,103832020,,,132937302,33:01
33,58,104127070,,,83937307,33:01
33,58,104125070,,,79937307,33:01
33,305,103976020,,,130937302,33:01
33,305,103975020,,,134191602,33:01
33,305,103974020,,,132937302,33:01
33,305,103973020,,,131937302,33:01
33,305,103834020,,,130937302,33:01
33,58,104128070,,,84937307,33:01
33,305,104037020,,,82937302,33:51
33,305,104038020,,,83937302,33:51
33,305,104065020,,,131937302,33:51
33,305,104067020,,,134191602,33:51
33,305,104046020,,,81937302,33:51
33,305,104036020,,,81937302,33:51
33,305,103998020,,,130937302,33:51
33,305,104066020,,,132937302,33:51
33,305,104052020,,,81937302,33:51
33,305,104064020,,,130937302,33:51
33,305,104063020,,,134191602,33:51
33,305,104062020,,,132937302,33:51
33,305,104061020,,,129937302,33:51
33,305,104060020,,,134191602,33:51
33,305,104059020,,,134191602,33:51
33,305,104058020,,,132937302,33:51
33,305,104057020,,,131937302,33:51
33,305,104056020,,,130937302,33:51
33,305,104055020,,,130937302,33:51
33,305,104044020,,,79937302,33:51
33,305,104053020,,,82937302,33:51
33,305,104039020,,,79937302,33:51
33,305,104051020,,,80937302,33:51
33,305,104050020,,,129937302,33:51
33,305,104049020,,,133991602,33:51
33,305,104048020,,,83937302,33:51
33,305,104047020,,,82937302,33:51
33,305,104045020,,,80937302,33:51
33,305,104118020,,,129937302,33:51
33,305,104043020,,,83937302,33:51
33,305,104042020,,,82937302,33:51
33,305,104041020,,,81937302,33:51
33,305,104040020,,,80937302,33:51
33,305,104054020,,,129937302,33:51
33,58,104292070,,,79937307,33:51
33,58,104305070,,,80937307,33:51
33,58,104304070,,,79937307,33:51
33,58,104303070,,,134937307,33:51
33,58,104302070,,,83937307,33:51
33,58,104301070,,,82937307,33:51
33,58,104300070,,,81937307,33:51
33,58,104299070,,,80937307,33:51
33,58,104298070,,,79937307,33:51
33,58,104297070,,,134937307,33:51
33,58,104296070,,,83937307,33:51
33,58,104295070,,,82937307,33:51
33,305,104000020,,,134191602,33:51
33,58,104293070,,,80937307,33:51
33,58,104308070,,,83937307,33:51
33,58,104291070,,,134937307,33:51
33,58,104290070,,,83937307,33:51
33,58,104289070,,,82937307,33:51
33,58,104288070,,,81937307,33:51
33,58,104287070,,,80937307,33:51
33,58,104286070,,,79937307,33:51
33,58,104285070,,,134937307,33:51
33,58,104284070,,,83937307,33:51
33,58,104283070,,,82937307,33:51
33,58,104282070,,,81937307,33:51
33,58,104281070,,,80937307,33:51
33,58,104294070,,,81937307,33:51
33,58,104320070,,,83937307,33:51
33,305,103980020,,,130937302,33:51
33,305,103979020,,,129937302,33:51
33,305,103978020,,,80937302,33:51
33,64,104489010,,,132937301,33:51
33,305,104068020,,,129937302,33:51
33,58,104328070,,,131937307,33:51
33,58,104327070,,,80937307,33:51
33,58,104326070,,,134937307,33:51
33,58,104325070,,,133937307,33:51
33,58,104324070,,,132937307,33:51
33,58,104323070,,,131937307,33:51
33,58,104306070,,,131937307,33:51
33,58,104321070,,,134937307,33:51
33,58,104307070,,,132937307,33:51
33,58,104319070,,,132937307,33:51
33,58,104318070,,,131937307,33:51
33,58,104317070,,,80937307,33:51
33,58,104316070,,,79937307,33:51
33,58,104315070,,,134937307,33:51
33,58,104314070,,,83937307,33:51
33,58,104313070,,,132937307,33:51
33,58,104312070,,,131937307,33:51
33,58,104311070,,,80937307,33:51
33,58,104310070,,,79937307,33:51
33,58,104309070,,,134937307,33:51
33,58,104278070,,,83937307,33:51
33,58,104322070,,,80937307,33:51
33,305,104022020,,,130937302,33:51
33,58,104280070,,,79937307,33:51
33,305,104010020,,,134191602,33:51
33,305,104011020,,,130937302,33:51
33,305,104012020,,,131937302,33:51
33,305,104013020,,,132937302,33:51
33,305,104014020,,,130937302,33:51
33,305,104015020,,,131937302,33:51
33,305,104016020,,,132937302,33:51
33,305,104017020,,,134191602,33:51
33,305,104018020,,,130937302,33:51
33,305,104019020,,,131937302,33:51
33,305,104008020,,,79937302,33:51
33,305,104021020,,,134191602,33:51
33,305,104007020,,,82937302,33:51
33,305,104023020,,,131937302,33:51
33,305,104024020,,,132937302,33:51
33,305,104025020,,,134191602,33:51
33,305,104026020,,,130937302,33:51
33,305,104027020,,,131937302,33:51
33,305,104028020,,,132937302,33:51
33,305,104029020,,,134191602,33:51
33,305,104030020,,,130937302,33:51
33,305,104031020,,,131937302,33:51
33,305,104032020,,,132937302,33:51
33,305,104033020,,,81937302,33:51
33,305,104034020,,,80937302,33:51
33,305,104020020,,,132937302,33:51
33,305,103993020,,,132937302,33:51
33,305,104035020,,,80937302,33:51
33,58,104277070,,,82937307,33:51
33,305,103982020,,,132937302,33:51
33,305,103983020,,,132937302,33:51
33,305,103984020,,,134191602,33:51
33,305,103985020,,,130937302,33:51
33,305,103986020,,,131937302,33:51
33,305,103987020,,,131937302,33:51
33,305,103988020,,,132937302,33:51
33,305,103989020,,,134091602,33:51
33,305,103990020,,,129937302,33:51
33,305,104009020,,,132937302,33:51
33,305,103992020,,,131937302,33:51
33,58,104279070,,,84937307,33:51
33,305,103994020,,,134091602,33:51
33,305,103995020,,,129937302,33:51
33,305,103996020,,,130937302,33:51
33,305,103997020,,,131937302,33:51
33,305,103999020,,,131937302,33:51
33,305,103977020,,,79937302,33:51
33,305,104001020,,,130937302,33:51
33,305,104002020,,,131937302,33:51
33,305,104003020,,,132937302,33:51
33,305,104004020,,,134191602,33:51
33,305,104005020,,,80937302,33:51
33,305,104006020,,,81937302,33:51
33,305,103991020,,,130937302,33:51
33,58,104364070,,,134937307,33:51
33,58,104377070,,,79937307,33:51
33,58,104376070,,,82937307,33:51
33,58,104375070,,,81937307,33:51
33,58,104374070,,,80937307,33:51
33,58,104373070,,,79937307,33:51
33,58,104372070,,,82937307,33:51
33,58,104371070,,,81937307,33:51
33,58,104370070,,,80937307,33:51
33,58,104369070,,,79937307,33:51
33,58,104368070,,,82937307,33:51
33,58,104367070,,,81937307,33:51
33,64,104501010,,,132937301,33:51
33,58,104365070,,,131937307,33:51
33,58,104380070,,,82937307,33:51
33,58,104363070,,,133937307,33:51
33,58,104362070,,,132937307,33:51
33,58,104361070,,,131937307,33:51
33,58,104360070,,,134937307,33:51
33,58,104359070,,,133937307,33:51
33,58,104358070,,,132937307,33:51
33,58,104357070,,,131937307,33:51
33,58,104356070,,,134937307,33:51
33,58,104355070,,,133937307,33:51
33,58,104354070,,,132937307,33:51
33,58,104353070,,,131937307,33:51
33,58,104366070,,,132937307,33:51
33,64,104486010,,,79937301,33:51
33,64,104491010,,,80937301,33:51
33,64,104499010,,,80937301,33:51
33,64,104498010,,,79937301,33:51
33,64,104497010,,,132937301,33:51
33,64,104496010,,,131937301,33:51
33,64,104495010,,,80937301,33:51
33,64,104494010,,,79937301,33:51
33,64,104493010,,,132937301,33:51
33,64,104492010,,,131937301,33:51
33,305,103981020,,,131937302,33:51
33,64,104490010,,,79937301,33:51
33,58,104378070,,,80937307,33:51
33,64,104487010,,,80937301,33:51
33,58,104379070,,,81937307,33:51
33,64,104485010,,,132937301,33:51
33,58,104390070,,,82937307,33:51
33,58,104389070,,,81937307,33:51
33,58,104388070,,,80937307,33:51
33,58,104387070,,,79937307,33:51
33,58,104386070,,,84937307,33:51
33,58,104385070,,,83937307,33:51
33,58,104384070,,,82937307,33:51
33,58,104383070,,,81937307,33:51
33,58,104382070,,,80937307,33:51
33,58,104381070,,,79937307,33:51
33,58,104350070,,,132937307,33:51
33,64,104488010,,,131937301,33:51
33,58,104264070,,,81937307,33:51
33,58,104352070,,,134937307,33:51
33,58,104276070,,,81937307,33:51
33,58,104275070,,,80937307,33:51
33,58,104274070,,,79937307,33:51
33,58,104273070,,,84937307,33:51
33,58,104272070,,,83937307,33:51
33,58,104271070,,,82937307,33:51
33,58,104270070,,,81937307,33:51
33,58,104269070,,,80937307,33:51
33,58,104268070,,,79937307,33:51
33,58,104267070,,,84937307,33:51
33,64,104479010,,,80937301,33:51
33,58,104265070,,,82937307,33:51
33,64,104480010,,,81937301,33:51
33,58,104263070,,,80937307,33:51
33,58,104262070,,,79937307,33:51
33,58,104261070,,,84937307,33:51
33,58,104260070,,,83937307,33:51
33,58,104259070,,,80937307,33:51
33,58,104258070,,,79937307,33:51
33,305,104124020,,,80937302,33:51
33,305,104123020,,,129937302,33:51
33,305,104122020,,,133991602,33:51
33,305,104121020,,,82937302,33:51
33,305,104120020,,,81937302,33:51
33,305,104119020,,,80937302,33:51
33,58,104266070,,,83937307,33:51
33,58,104337070,,,131937307,33:51
33,64,104502010,,,79937301,33:51
33,58,104349070,,,131937307,33:51
33,58,104348070,,,134937307,33:51
33,58,104347070,,,133937307,33:51
33,58,104346070,,,132937307,33:51
33,58,104345070,,,131937307,33:51
33,58,104344070,,,134937307,33:51
33,58,104343070,,,133937307,33:51
33,58,104342070,,,132937307,33:51
33,58,104341070,,,131937307,33:51
33,58,104340070,,,134937307,33:51
33,64,104478010,,,79937301,33:51
33,58,104338070,,,132937307,33:51
33,58,104351070,,,133937307,33:51
33,58,104336070,,,134937307,33:51
33,58,104335070,,,133937307,33:51
33,58,104334070,,,132937307,33:51
33,58,104333070,,,131937307,33:51
33,58,104332070,,,80937307,33:51
33,58,104331070,,,134937307,33:51
33,58,104330070,,,133937307,33:51
33,58,104329070,,,132937307,33:51
33,64,104484010,,,131937301,33:51
33,64,104483010,,,80937301,33:51
33,64,104482010,,,79937301,33:51
33,64,104481010,,,82937301,33:51
33,58,104339070,,,133937307,33:51
33,305,104111020,,,82937302,33:51
33,64,104558010,,,82937301,33:51
33,305,104099020,,,83937302,33:51
33,305,104100020,,,79937302,33:51
33,305,104101020,,,81937302,33:51
33,305,104102020,,,134091602,33:51
33,305,104103020,,,129937302,33:51
33,305,104104020,,,130937302,33:51
33,305,104105020,,,131937302,33:51
33,305,104106020,,,132937302,33:51
33,305,104107020,,,134091602,33:51
33,305,104108020,,,79937302,33:51
33,305,104097020,,,81937302,33:51
33,305,104110020,,,81937302,33:51
33,305,104096020,,,80937302,33:51
33,305,104112020,,,133991602,33:51
33,305,104113020,,,129937302,33:51
33,305,104114020,,,80937302,33:51
33,305,104115020,,,81937302,33:51
33,305,104116020,,,82937302,33:51
33,305,104117020,,,133991602,33:51
33,64,104564010,,,80937301,33:51
33,64,104563010,,,79937301,33:51
33,64,104562010,,,82937301,33:51
33,64,104561010,,,81937301,33:51
33,64,104560010,,,80937301,33:51
33,64,104500010,,,131937301,33:51
33,305,104109020,,,80937302,33:51
33,305,104083020,,,80937302,33:51
33,305,104070020,,,131937302,33:51
33,305,104071020,,,132937302,33:51
33,305,104072020,,,134191602,33:51
33,305,104073020,,,79937302,33:51
33,305,104074020,,,82937302,33:51
33,305,104075020,,,81937302,33:51
33,305,104076020,,,82937302,33:51
33,305,104077020,,,82937302,33:51
33,305,104078020,,,79937302,33:51
33,305,104079020,,,80937302,33:51
33,305,104080020,,,81937302,33:51
33,305,104098020,,,82937302,33:51
33,305,104082020,,,79937302,33:51
33,64,104557010,,,81937301,33:51
33,305,104084020,,,81937302,33:51
33,305,104085020,,,82937302,33:51
33,305,104086020,,,79937302,33:51
33,305,104087020,,,80937302,33:51
33,305,104088020,,,81937302,33:51
33,305,104089020,,,82937302,33:51
33,305,104090020,,,79937302,33:51
33,305,104091020,,,80937302,33:51
33,305,104092020,,,81937302,33:51
33,305,104093020,,,82937302,33:51
33,305,104094020,,,83937302,33:51
33,305,104095020,,,79937302,33:51
33,305,104081020,,,82937302,33:51
33,64,104515010,,,130937301,33:51
33,64,104528010,,,131937301,33:51
33,64,104559010,,,79937301,33:51
33,64,104526010,,,129937301,33:51
33,64,104525010,,,132937301,33:51
33,64,104524010,,,131937301,33:51
33,64,104523010,,,130937301,33:51
33,64,104522010,,,129937301,33:51
33,64,104521010,,,132937301,33:51
33,64,104520010,,,131937301,33:51
33,64,104519010,,,130937301,33:51
33,64,104518010,,,129937301,33:51
33,305,104069020,,,130937302,33:51
33,64,104516010,,,131937301,33:51
33,64,104529010,,,132937301,33:51
33,64,104514010,,,129937301,33:51
33,64,104513010,,,132937301,33:51
33,64,104512010,,,131937301,33:51
33,64,104511010,,,80937301,33:51
33,64,104510010,,,79937301,33:51
33,64,104509010,,,132937301,33:51
33,64,104508010,,,131937301,33:51
33,64,104507010,,,80937301,33:51
33,64,104506010,,,79937301,33:51
33,64,104505010,,,132937301,33:51
33,64,104504010,,,131937301,33:51
33,64,104503010,,,80937301,33:51
33,64,104517010,,,132937301,33:51
33,64,104544010,,,80937301,33:51
33,64,104556010,,,80937301,33:51
33,64,104555010,,,79937301,33:51
33,64,104554010,,,82937301,33:51
33,64,104553010,,,81937301,33:51
33,64,104552010,,,80937301,33:51
33,64,104551010,,,79937301,33:51
33,64,104550010,,,82937301,33:51
33,64,104549010,,,81937301,33:51
33,64,104548010,,,80937301,33:51
33,64,104547010,,,79937301,33:51
33,64,104546010,,,82937301,33:51
33,64,104527010,,,130937301,33:51
33,64,104545010,,,81937301,33:51
33,64,104537010,,,132937301,33:51
33,64,104531010,,,130937301,33:51
33,64,104532010,,,131937301,33:51
33,64,104533010,,,132937301,33:51
33,64,104534010,,,129937301,33:51
33,64,104536010,,,131937301,33:51
33,64,104530010,,,129937301,33:51
33,64,104538010,,,129937301,33:51
33,64,104539010,,,130937301,33:51
33,64,104540010,,,131937301,33:51
33,64,104541010,,,81937301,33:51
33,64,104542010,,,82937301,33:51
33,64,104543010,,,79937301,33:51
33,64,104535010,,,130937301,33:51
4,305,103307020,,,405402,4:01
4,305,103294020,,,403402,4:03
4,305,103309020,,,4501402,4:03
4,305,103297020,,,409402,4:03
4,305,103300020,,,404402,4:03
4,305,103302020,,,452402,4:03
4,305,103303020,,,457402,4:03
4,305,103304020,,,458402,4:03
4,58,103393070,,,454407,4:03
4,305,103306020,,,459402,4:03
4,305,103292020,,,402402,4:03
4,305,103311020,,,451402,4:03
4,305,103313020,,,457402,4:03
4,305,103314020,,,457402,4:03
4,305,103315020,,,458402,4:03
4,305,103316020,,,4082402,4:03
4,305,103266020,,,457402,4:03
4,305,103305020,,,158102,4:03
4,305,103280020,,,459402,4:03
4,305,103267020,,,458402,4:03
4,305,103268020,,,4012402,4:03
4,305,103270020,,,454402,4:03
4,305,103274020,,,406402,4:03
4,305,103275020,,,403402,4:03
4,305,103277020,,,401402,4:03
4,305,103296020,,,105102,4:03
4,305,103279020,,,451402,4:03
4,305,103295020,,,404402,4:03
4,305,103281020,,,4501402,4:03
4,305,103282020,,,459402,4:03
4,305,103285020,,,105102,4:03
4,305,103288020,,,402402,4:03
4,305,103289020,,,401402,4:03
4,58,103394070,,,954907,4:03
4,305,103278020,,,402402,4:03
4,58,103430070,,,458407,4:03
4,58,103421070,,,409407,4:03
4,58,103422070,,,453407,4:03
4,58,103424070,,,455407,4:03
4,58,103426070,,,457407,4:03
4,58,103427070,,,457407,4:03
4,58,103392070,,,150107,4:03
4,58,103429070,,,458407,4:03
4,58,103417070,,,403407,4:03
4,64,104750010,,,401401,4:03
4,64,104752010,,,401401,4:03
4,64,104755010,,,402401,4:03
4,64,104756010,,,402401,4:03
4,64,104761010,,,403401,4:03
4,64,104762010,,,403401,4:03
4,58,103428070,,,457407,4:03
4,58,103410070,,,408407,4:03
4,58,103395070,,,455407,4:03
4,58,103396070,,,955907,4:03
4,58,103397070,,,455407,4:03
4,58,103398070,,,955907,4:03
4,58,103400070,,,401407,4:03
4,58,103402070,,,402407,4:03
4,58,103420070,,,408407,4:03
4,58,103409070,,,406407,4:03
4,58,103419070,,,407407,4:03
4,58,103411070,,,150107,4:03
4,58,103413070,,,407407,4:03
4,58,103414070,,,458407,4:03
4,58,103415070,,,954907,4:03
4,58,103416070,,,403407,4:03
4,305,103269020,,,451402,4:03
4,58,103407070,,,402407,4:03
4,305,103254020,,,452402,4:03
4,305,103291020,,,401402,4:03
4,305,103272020,,,404402,4:03
4,305,103253020,,,4501402,4:03
4,305,103265020,,,452402,4:03
4,305,103260020,,,4012402,4:03
4,305,103261020,,,454402,4:03
4,305,103262020,,,458402,4:03
4,305,103263020,,,459402,4:03
4,305,103264020,,,4010402,4:03
4,305,103252020,,,403402,4:03
4,305,103308020,,,4012402,4:04
4,305,103317020,,,4502402,4:04
4,58,103460070,,,954907,4:51
4,58,103461070,,,403407,4:51
4,58,103449070,,,451407,4:51
4,58,103458070,,,407407,4:51
4,58,103453070,,,406407,4:51
4,58,103451070,,,402407,4:51
4,58,103448070,,,407407,4:51
4,58,103462070,,,403407,4:51
4,58,103435070,,,150107,4:51
4,58,103471070,,,457407,4:51
4,58,103434070,,,402407,4:51
4,305,103389020,,,401402,4:51
4,58,103439070,,,955907,4:51
4,58,103473070,,,458407,4:51
4,305,103329020,,,452402,4:51
4,305,103331020,,,454402,4:51
4,305,103332020,,,458402,4:51
4,305,103334020,,,4012402,4:51
4,305,103335020,,,451402,4:51
4,58,103469070,,,455407,4:51
4,64,104764010,,,403401,4:51
4,58,103463070,,,404407,4:51
4,58,103472070,,,457407,4:51
4,305,103369020,,,401402,4:51
4,58,103470070,,,457407,4:51
4,305,103387020,,,4082402,4:51
4,58,103468070,,,455407,4:51
4,58,103466070,,,409407,4:51
4,305,103337020,,,452402,4:51
4,305,103344020,,,402402,4:51
4,305,103350020,,,403402,4:51
4,305,103349020,,,401402,4:51
4,305,103348020,,,458402,4:51
4,305,103347020,,,457402,4:51
4,305,103338020,,,458402,4:51
4,305,103371020,,,404402,4:51
4,305,103345020,,,4501402,4:51
4,305,103353020,,,451402,4:51
4,305,103342020,,,4051402,4:51
4,305,103341020,,,4501402,4:51
4,305,103340020,,,451402,4:51
4,305,103339020,,,459402,4:51
4,305,103328020,,,4012402,4:51
4,58,103438070,,,455407,4:51
4,305,103346020,,,406402,4:51
4,305,103362020,,,403402,4:51
4,305,103381020,,,4010402,4:51
4,305,103373020,,,409402,4:51
4,305,103372020,,,105102,4:51
4,305,103370020,,,402402,4:51
4,305,103367020,,,105102,4:51
4,305,103366020,,,404402,4:51
4,305,103351020,,,4082402,4:51
4,305,103364020,,,457402,4:51
4,305,103352020,,,402402,4:51
4,305,103361020,,,4010402,4:51
4,305,103359020,,,459402,4:51
4,305,103357020,,,4501402,4:51
4,305,103356020,,,459402,4:51
4,305,103354020,,,403402,4:51
4,305,103384020,,,457402,4:51
4,305,103365020,,,452402,4:51
4,305,103321020,,,454402,4:51
4,305,103320020,,,406402,4:51
4,305,103319020,,,402402,4:51
4,305,103323020,,,404402,4:51
4,58,103444070,,,401407,4:51
4,305,103376020,,,4012402,4:53
7,305,104740020,,,406402,7:01
7,305,104568020,,,105102,7:01
7,305,104567020,,,4051402,7:01
7,305,103629020,,,402402,7:01
7,305,104741020,,,4082402,7:01
7,305,103627020,,,152102,7:01
7,305,103637020,,,19521902,7:51
7,305,103631020,,,457402,7:51
7,305,104742020,,,458402,7:51
7,305,103636020,,,19511902,7:51
7,305,103635020,,,19021902,7:51
7,305,103634020,,,19011902,7:51
7,305,103633020,,,459402,7:51
7,305,103630020,,,953902,7:51
8,305,103653020,,,801802,8:01
8,305,103654020,,,801802,8:01
8,305,103652020,,,801802,8:01
8,305,103663020,,,801802,8:01
8,305,103662020,,,801802,8:01
8,305,103661020,,,801802,8:01
8,305,103660020,,,801802,8:01
8,305,103651020,,,801802,8:01
8,305,103658020,,,801802,8:01
8,305,103657020,,,801802,8:01
8,305,103656020,,,801802,8:01
8,305,103659020,,,801802,8:01
8,305,103650020,,,801802,8:01
8,305,103649020,,,801802,8:01
8,305,103648020,,,801802,8:01
8,305,103655020,,,801802,8:01
8,305,103646020,,,801802,8:01
8,305,103664020,,,801802,8:01
8,305,103645020,,,801802,8:01
8,305,103644020,,,801802,8:01
8,305,103643020,,,801802,8:01
8,305,103642020,,,801802,8:01
8,305,103641020,,,801802,8:01
8,305,103640020,,,801802,8:01
8,305,103639020,,,801802,8:01
8,305,103638020,,,801802,8:01
8,305,103647020,,,801802,8:01
8,305,103677020,,,801802,8:51
8,305,103691020,,,801802,8:51
8,305,103690020,,,801802,8:51
8,305,103689020,,,801802,8:51
8,305,103688020,,,801802,8:51
8,305,103687020,,,801802,8:51
8,305,103686020,,,801802,8:51
8,305,103685020,,,801802,8:51
8,305,103684020,,,801802,8:51
8,305,103682020,,,801802,8:51
8,305,103680020,,,801802,8:51
8,305,103665020,,,801802,8:51
8,305,103678020,,,801802,8:51
8,305,103666020,,,801802,8:51
8,305,103676020,,,801802,8:51
8,305,103675020,,,801802,8:51
8,305,103674020,,,801802,8:51
8,305,103673020,,,801802,8:51
8,305,103672020,,,801802,8:51
8,305,103671020,,,801802,8:51
8,305,103670020,,,801802,8:51
8,305,103669020,,,801802,8:51
8,305,103668020,,,801802,8:51
8,305,103681020,,,801802,8:51
8,305,103679020,,,801802,8:51
8,305,103683020,,,801802,8:51
9,305,103750020,,,952902,9:01
9,305,103759020,,,953902,9:01
9,305,103758020,,,954902,9:01
9,305,103757020,,,954902,9:01
9,305,103756020,,,953902,9:01
9,305,103755020,,,954902,9:01
9,305,103754020,,,951902,9:01
9,305,103753020,,,902902,9:01
9,305,103740020,,,903902,9:01
9,305,103751020,,,953902,9:01
9,305,103762020,,,952902,9:01
9,305,103749020,,,954902,9:01
9,305,103748020,,,951902,9:01
9,305,103747020,,,953902,9:01
9,305,103745020,,,902902,9:01
9,305,103744020,,,905902,9:01
9,305,103743020,,,901902,9:01
9,305,103742020,,,901902,9:01
9,305,103741020,,,902902,9:01
9,305,103752020,,,905902,9:01
9,58,103801070,,,403407,9:01
9,305,104796020,,,904902,9:01
9,305,104794020,,,904902,9:01
9,305,104792020,,,904902,9:01
9,305,104738020,,,905902,9:01
9,58,103808070,,,151107,9:01
9,58,103807070,,,9531907,9:01
9,58,103806070,,,955907,9:01
9,305,103760020,,,902902,9:01
9,58,103804070,,,9531907,9:01
9,305,103761020,,,901902,9:01
9,58,103800070,,,903907,9:01
9,58,103799070,,,105107,9:01
9,58,103798070,,,901907,9:01
9,58,103796070,,,105107,9:01
9,58,103794070,,,903907,9:01
9,58,103793070,,,902907,9:01
9,58,103792070,,,901907,9:01
9,58,103795070,,,901907,9:01
9,58,103805070,,,956907,9:01
9,58,103797070,,,903907,9:01
9,305,103774020,,,954902,9:51
9,305,103763020,,,901902,9:51
9,305,103783020,,,902902,9:51
9,305,103781020,,,953902,9:51
9,305,103780020,,,954902,9:51
9,305,103779020,,,953902,9:51
9,305,103778020,,,954902,9:51
9,305,103777020,,,951902,9:51
9,305,103787020,,,902902,9:51
9,305,103775020,,,952902,9:51
9,305,103788020,,,901902,9:51
9,305,103773020,,,951902,9:51
9,305,103772020,,,953902,9:51
9,305,103770020,,,951902,9:51
9,305,103767020,,,901902,9:51
9,305,103766020,,,902902,9:51
9,305,103765020,,,905902,9:51
9,305,103764020,,,903902,9:51
9,305,103776020,,,953902,9:51
9,58,103819070,,,105107,9:51
9,305,104795020,,,904902,9:51
9,305,104793020,,,904902,9:51
9,305,104791020,,,904902,9:51
9,58,103826070,,,955907,9:51
9,58,103825070,,,956907,9:51
9,58,103824070,,,9531907,9:51
9,58,103823070,,,954907,9:51
9,305,103784020,,,901902,9:51
9,58,103820070,,,901907,9:51
9,305,103768020,,,905902,9:51
9,58,103818070,,,901907,9:51
9,58,103816070,,,955907,9:51
9,58,103814070,,,903907,9:51
9,58,103813070,,,903907,9:51
9,58,103812070,,,901907,9:51
9,58,103811070,,,903907,9:51
9,58,103810070,,,902907,9:51
9,58,103809070,,,901907,9:51
9,58,103821070,,,903907,9:51
9,305,103771020,,,952902,9:51
13,305,102514020,,,13011302,13:01
13,305,102512020,,,13011302,13:01
13,305,102511020,,,13011302,13:01
13,305,102510020,,,13011302,13:01
13,305,102515020,,,13011302,13:01
13,305,102516020,,,13011302,13:01
13,305,102517020,,,13511302,13:01
13,305,102518020,,,13511302,13:01
13,305,102519020,,,13511302,13:01
13,305,102520020,,,13511302,13:01
13,305,102513020,,,13011302,13:01
13,305,102522020,,,13011302,13:51
13,305,102532020,,,13511302,13:51
13,305,102531020,,,13511302,13:51
13,305,102530020,,,13511302,13:51
13,305,102528020,,,13011302,13:51
13,305,102527020,,,13011302,13:51
13,305,102526020,,,13011302,13:51
13,305,102525020,,,13011302,13:51
13,305,102524020,,,13011302,13:51
13,305,102523020,,,13011302,13:51
13,305,102533020,,,13511302,13:51
1,58,102200070,,,104107,1:01
1,305,102161020,,,107102,1:01
1,58,102190070,,,107107,1:01
1,58,102198070,,,105107,1:01
1,58,102196070,,,101107,1:01
1,58,102195070,,,104107,1:01
1,58,102194070,,,103107,1:01
1,305,102167020,,,102102,1:01
1,305,102166020,,,107102,1:01
1,305,102165020,,,104102,1:01
1,305,102164020,,,109102,1:01
1,305,102150020,,,109102,1:01
1,305,102162020,,,102102,1:01
1,305,102149020,,,103102,1:01
1,58,102201070,,,101107,1:01
1,305,102163020,,,103102,1:01
1,305,102156020,,,106102,1:01
1,305,102158020,,,103102,1:01
1,305,104682020,,,1011102,1:01
1,58,102205070,,,101107,1:01
1,58,102204070,,,104107,1:01
1,58,102203070,,,108107,1:01
1,58,102202070,,,106107,1:01
1,305,102151020,,,104102,1:01
1,305,102159020,,,101102,1:01
1,305,102155020,,,102102,1:01
1,305,102157020,,,107102,1:01
1,58,102265070,,,150107,1:04
1,305,102223020,,,1012102,1:04
1,305,102226020,,,154102,1:04
1,305,102230020,,,157102,1:04
1,305,102233020,,,1533102,1:04
1,58,102266070,,,1572107,1:04
1,58,102273070,,,156107,1:04
1,64,102302010,,,102101,1:04
1,305,104570020,,,151102,1:04
16,64,102917010,,,101101,16:54
16,58,102896070,,,954907,16:54
16,58,102901070,,,954907,16:54
16,64,102916010,,,101101,16:54
16,64,102919010,,,101101,16:54
16,64,102920010,,,101101,16:54
16,64,102918010,,,101101,16:54
21,305,104687020,,,251202,21:52
21,305,104685020,,,251202,21:52
21,305,104676020,,,251202,21:52
21,305,104674020,,,251202,21:52
15,58,102792070,,,402407,15:52
15,58,102800070,,,455407,15:52
15,58,102795070,,,407407,15:52
15,58,102790070,,,403407,15:52
15,58,102797070,,,458407,15:52
8,305,103667020,,,801802,8:52
4,58,103445070,,,408407,4:59
4,64,104763010,,,403401,4:59
4,64,104759010,,,402401,4:59
4,64,104757010,,,402401,4:59
4,64,104754010,,,401401,4:59
4,64,104753010,,,401401,4:59
4,64,103488010,,,403401,4:59
4,64,103487010,,,402401,4:59
4,64,103486010,,,401401,4:59
4,58,103465070,,,408407,4:59
4,58,103443070,,,403407,4:59
4,58,103464070,,,407407,4:59
4,58,103446070,,,402407,4:59
4,58,103447070,,,406407,4:59
4,58,103450070,,,409407,4:59
4,58,103452070,,,4010407,4:59
4,58,103454070,,,408407,4:59
4,58,103455070,,,150107,4:59
4,58,103456070,,,453407,4:59
4,58,103457070,,,454407,4:59
4,58,103459070,,,458407,4:59
4,58,103433070,,,401407,4:59
34,305,103159020,,,179937302,34:49
34,305,103151020,,,179937302,34:49
34,58,103195070,,,179937307,34:49
34,305,103166020,,,179937302,34:49
34,305,103165020,,,179937302,34:49
34,305,103164020,,,179937302,34:49
34,305,103163020,,,179937302,34:49
34,305,103162020,,,179937302,34:49
34,305,103161020,,,179937302,34:49
34,305,103160020,,,179937302,34:49
34,305,103158020,,,179937302,34:49
34,305,103155020,,,179937302,34:49
34,305,103154020,,,179937302,34:49
34,305,103139020,,,179937302,34:49
34,305,103152020,,,179937302,34:49
34,58,103198070,,,179937307,34:49
34,305,103150020,,,179937302,34:49
34,305,103149020,,,179937302,34:49
34,305,103148020,,,179937302,34:49
34,305,103147020,,,179937302,34:49
34,305,103146020,,,179937302,34:49
34,305,103145020,,,179937302,34:49
34,305,103144020,,,179937302,34:49
34,305,103143020,,,179937302,34:49
34,305,103142020,,,179937302,34:49
34,305,103141020,,,179937302,34:49
34,305,103140020,,,179937302,34:49
34,305,103153020,,,179937302,34:49
34,58,103210070,,,179937307,34:49
34,305,103157020,,,179937302,34:49
34,58,103222070,,,179937307,34:49
34,58,103221070,,,179937307,34:49
34,58,103220070,,,179937307,34:49
34,58,103219070,,,179937307,34:49
34,58,103218070,,,179937307,34:49
34,58,103217070,,,179937307,34:49
34,58,103216070,,,179937307,34:49
34,58,103215070,,,179937307,34:49
34,58,103214070,,,179937307,34:49
34,58,103213070,,,179937307,34:49
34,58,103196070,,,179937307,34:49
34,58,103211070,,,179937307,34:49
34,58,103197070,,,179937307,34:49
34,58,103209070,,,179937307,34:49
34,58,103208070,,,179937307,34:49
34,58,103207070,,,179937307,34:49
34,58,103206070,,,179937307,34:49
34,58,103205070,,,179937307,34:49
34,58,103204070,,,179937307,34:49
34,58,103203070,,,179937307,34:49
34,58,103202070,,,179937307,34:49
34,58,103201070,,,179937307,34:49
34,58,103200070,,,179937307,34:49
34,58,103199070,,,179937307,34:49
34,305,103156020,,,179937302,34:49
34,58,103212070,,,179937307,34:49
34,305,103180020,,,179937302,34:99
34,305,103194020,,,179937302,34:99
34,305,103193020,,,179937302,34:99
34,305,103192020,,,179937302,34:99
34,305,103191020,,,179937302,34:99
34,305,103190020,,,179937302,34:99
34,305,103189020,,,179937302,34:99
34,305,103188020,,,179937302,34:99
34,305,103187020,,,179937302,34:99
34,305,103186020,,,179937302,34:99
34,305,103185020,,,179937302,34:99
34,305,103184020,,,179937302,34:99
34,305,103183020,,,179937302,34:99
34,58,103223070,,,179937307,34:99
34,305,103181020,,,179937302,34:99
34,305,103179020,,,179937302,34:99
34,58,103250070,,,179937307,34:99
34,305,103178020,,,179937302,34:99
34,305,103176020,,,179937302,34:99
34,305,103175020,,,179937302,34:99
34,305,103174020,,,179937302,34:99
34,305,103173020,,,179937302,34:99
34,305,103172020,,,179937302,34:99
34,305,103171020,,,179937302,34:99
34,305,103170020,,,179937302,34:99
34,305,103169020,,,179937302,34:99
34,305,103168020,,,179937302,34:99
34,305,103167020,,,179937302,34:99
34,305,103182020,,,179937302,34:99
34,58,103240070,,,179937307,34:99
34,58,103249070,,,179937307,34:99
34,305,103177020,,,179937302,34:99
34,58,103224070,,,179937307,34:99
34,58,103248070,,,179937307,34:99
34,58,103247070,,,179937307,34:99
34,58,103246070,,,179937307,34:99
34,58,103245070,,,179937307,34:99
34,58,103244070,,,179937307,34:99
34,58,103243070,,,179937307,34:99
34,58,103242070,,,179937307,34:99
34,58,103241070,,,179937307,34:99
34,58,103239070,,,179937307,34:99
34,58,103238070,,,179937307,34:99
34,58,103237070,,,179937307,34:99
34,58,103230070,,,179937307,34:99
34,58,103225070,,,179937307,34:99
34,58,103226070,,,179937307,34:99
34,58,103227070,,,179937307,34:99
34,58,103229070,,,179937307,34:99
34,58,103236070,,,179937307,34:99
34,58,103231070,,,179937307,34:99
34,58,103235070,,,179937307,34:99
34,58,103233070,,,179937307,34:99
34,58,103234070,,,179937307,34:99
34,58,103232070,,,179937307,34:99
34,58,103228070,,,179937307,34:99
1,305,104680020,,,1011102,1:05
1,305,102160020,,,108102,1:05
1,58,102189070,,,151107,1:05
1,305,102147020,,,101102,1:05
1,58,102191070,,,101107,1:05
1,305,102154020,,,107102,1:05
1,58,102199070,,,107107,1:05
1,58,102192070,,,102107,1:05
1,58,102193070,,,105107,1:05
1,58,102197070,,,106107,1:05
1,305,102148020,,,104102,1:05
1,58,102291070,,,402407,1:55
1,58,102288070,,,157107,1:55
1,305,102264020,,,159102,1:55
1,305,102258020,,,952902,1:55
1,305,102248020,,,153102,1:55
1,64,102318010,,,403401,1:55
1,305,104735020,,,4010402,1:55
10A,305,102330020,,,1522102,10A:04
10A,64,102400010,,,1012101,10A:04
10A,58,102378070,,,152107,10A:04
10A,305,102320020,,,109102,10A:04
10A,58,102377070,,,153107,10A:04
10A,58,102371070,,,108107,10A:04
10A,58,102367070,,,104107,10A:04
10A,305,102328020,,,156102,10A:04
10A,305,102329020,,,158102,10A:04
10A,305,102332020,,,156102,10A:05
10A,58,102379070,,,154107,10A:05
10A,305,104745020,,,107102,10A:05
10A,58,102369070,,,103107,10A:05
10A,58,102370070,,,101107,10A:05
10A,58,102372070,,,104107,10A:05
10A,58,102373070,,,106107,10A:05
10A,58,102374070,,,107107,10A:05
10A,58,102366070,,,157107,10A:05
10A,58,102376070,,,101107,10A:05
10A,58,102365070,,,157107,10A:05
10A,58,102380070,,,151107,10A:05
10A,58,102381070,,,151107,10A:05
10A,305,102334020,,,1533102,10A:05
10A,64,102402010,,,1012101,10A:05
10A,305,104733020,,,101102,10A:05
10A,305,104743020,,,1011102,10A:05
10A,58,102375070,,,152107,10A:05
10A,305,102331020,,,157102,10A:05
10A,305,102319020,,,102102,10A:05
10A,305,102321020,,,108102,10A:05
10A,305,102322020,,,1011102,10A:05
10A,305,102323020,,,109102,10A:05
10A,305,102324020,,,107102,10A:05
10A,305,102325020,,,109102,10A:05
10A,58,102368070,,,102107,10A:05
10A,305,102327020,,,109102,10A:05
10A,64,102403010,,,1012101,10A:05
10A,305,102333020,,,1533102,10A:05
10A,305,102335020,,,1533102,10A:05
10A,305,102336020,,,1533102,10A:05
10A,305,102337020,,,1012102,10A:05
10A,58,102363070,,,153107,10A:05
10A,58,102364070,,,150107,10A:05
10A,305,102326020,,,107102,10A:05
10A,64,102401010,,,1012101,10A:05
10A,305,102350020,,,104102,10A:59
10A,305,104788020,,,1510102,10A:59
10A,305,104787020,,,1013102,10A:59
10A,64,102408010,,,102101,10A:59
10A,58,102399070,,,1572107,10A:59
10A,58,102396070,,,108107,10A:59
10A,58,102389070,,,156107,10A:59
10A,305,102361020,,,154102,10A:59
10A,305,102355020,,,1522102,10A:59
10A,305,102349020,,,103102,10A:59
10A,305,102360020,,,155102,10A:59
10A,305,102338020,,,102102,10A:07
10C,305,102416020,,,157102,10C:02
10C,305,102410020,,,101102,10C:02
10C,305,102414020,,,103102,10C:02
10C,305,102409020,,,106102,10C:02
10C,305,102411020,,,155102,10C:03
10C,305,102415020,,,104102,10C:03
10C,305,102413020,,,154102,10C:03
10C,305,102412020,,,158102,10C:03
10G,305,102430020,,,155102,10G:03
10G,305,102424020,,,1010102,10G:03
10G,58,102476070,,,157107,10G:03
10G,58,102472070,,,154107,10G:03
10G,58,102466070,,,104107,10G:04
10G,58,102465070,,,105107,10G:04
10G,58,102475070,,,153107,10G:04
10G,58,102464070,,,101107,10G:04
10G,58,102467070,,,106107,10G:04
10G,58,102468070,,,107107,10G:04
10G,58,102469070,,,101107,10G:04
10G,58,102470070,,,108107,10G:04
10G,64,102502010,,,102101,10G:04
10G,58,102471070,,,104107,10G:04
10G,58,102473070,,,1572107,10G:04
10G,58,102474070,,,151107,10G:04
10G,305,102426020,,,104102,10G:04
10G,305,102431020,,,152102,10G:04
10G,305,102432020,,,154102,10G:04
10G,305,102433020,,,151102,10G:04
10G,305,102434020,,,1522102,10G:04
10G,305,102435020,,,159102,10G:04
10G,305,102436020,,,159102,10G:04
10G,305,102437020,,,159102,10G:04
10G,305,104748020,,,102102,10G:04
10G,305,104749020,,,103102,10G:04
10G,305,102428020,,,104102,10G:04
10G,58,102481070,,,156107,10G:04
10G,305,102427020,,,103102,10G:04
10G,58,102477070,,,156107,10G:04
10G,305,102425020,,,103102,10G:04
10G,305,102423020,,,107102,10G:04
10G,305,102420020,,,102102,10G:04
10G,64,102504010,,,102101,10G:04
10G,64,102503010,,,102101,10G:04
10G,305,102429020,,,151102,10G:04
10G,64,102501010,,,102101,10G:04
10G,58,102480070,,,156107,10G:04
10G,58,102479070,,,156107,10G:04
10G,58,102478070,,,157107,10G:04
10G,58,102486070,,,101107,10G:54
10G,305,102441020,,,102102,10G:54
10G,305,102461020,,,1533102,10G:54
10G,305,102462020,,,1533102,10G:54
10G,58,102482070,,,103107,10G:54
10G,58,102483070,,,104107,10G:54
10G,58,102487070,,,108107,10G:54
10G,58,102492070,,,153107,10G:54
10G,305,102447020,,,109102,10G:54
10G,58,102496070,,,151107,10G:54
10G,58,102488070,,,104107,10G:54
10G,58,102499070,,,157107,10G:54
10G,58,102500070,,,157107,10G:54
10G,64,102505010,,,1012101,10G:54
10G,64,102506010,,,1012101,10G:54
10G,305,102460020,,,1533102,10G:54
10G,305,102458020,,,157102,10G:54
10G,305,102448020,,,1011102,10G:54
10G,305,102449020,,,109102,10G:54
10G,305,102451020,,,109102,10G:54
10G,305,102452020,,,152102,10G:54
10G,305,102453020,,,153102,10G:54
10G,64,102507010,,,1012101,10G:54
10G,305,102457020,,,158102,10G:54
10G,305,102440020,,,107102,10G:54
10G,305,102459020,,,159102,10G:54
10G,305,104732020,,,101102,10G:54
10G,305,104746020,,,107102,10G:54
10G,305,102445020,,,105102,10G:54
10G,305,102442020,,,102102,10G:54
10G,58,102491070,,,151107,10G:54
10G,305,102456020,,,156102,10G:54
10G,58,102493070,,,152107,10G:54
10G,58,102485070,,,103107,10G:55
10G,305,102455020,,,109102,10G:55
10G,305,102454020,,,1012102,10G:55
10G,58,102484070,,,102107,10G:55
10G,305,104744020,,,1011102,10G:55
10G,58,102489070,,,106107,10G:55
10G,58,102490070,,,107107,10G:55
10G,58,102494070,,,154107,10G:55
10G,58,102495070,,,152107,10G:55
10G,58,102497070,,,153107,10G:55
10G,58,102498070,,,150107,10G:55
10G,64,102508010,,,1012101,10G:55
10G,305,102463020,,,1533102,10G:55
10G,305,102417020,,,102102,10G:05
10G,305,102418020,,,106102,10G:05
10G,305,102446020,,,106102,10G:56
10G,305,102444020,,,103102,10G:56
10G,305,102443020,,,157102,10G:56
10G,305,102438020,,,101102,10G:56
13,305,102521020,,,13511302,13:02
13,305,102509020,,,13011302,13:02
13,305,102534020,,,13511302,13:52
13,305,102529020,,,13011302,13:52
21,305,104594020,,,251202,21:03
21,305,104593020,,,203202,21:03
21,305,104592020,,,251202,21:03
21,305,104582020,,,201202,21:03
21,305,104583020,,,203202,21:03
21,305,104596020,,,251202,21:03
21,305,104590020,,,251202,21:03
21,305,104579020,,,202202,21:03
21,305,104589020,,,203202,21:03
21,305,104588020,,,251202,21:03
21,305,104587020,,,203202,21:03
21,305,104585020,,,203202,21:03
21,305,104591020,,,203202,21:03
21,305,104575020,,,202202,21:03
21,305,104598020,,,251202,21:03
21,305,104684020,,,251202,21:03
21,305,104686020,,,251202,21:03
21,305,104574020,,,201202,21:03
21,305,104584020,,,201202,21:03
21,305,104576020,,,201202,21:03
21,305,104577020,,,202202,21:03
21,305,104578020,,,201202,21:03
21,305,104580020,,,201202,21:03
21,305,104573020,,,202202,21:03
2,305,102959020,,,202202,2:54
2,305,104710020,,,201202,2:54
2,305,104711020,,,202202,2:54
2,305,104729020,,,203202,2:54
2,305,104712020,,,201202,2:54
2,305,104731020,,,251202,2:54
2,305,104715020,,,202202,2:54
2,305,104716020,,,201202,2:54
2,305,104718020,,,201202,2:54
2,305,104727020,,,203202,2:54
2,305,104719020,,,203202,2:54
2,305,104720020,,,201202,2:54
2,305,104721020,,,203202,2:54
2,305,104723020,,,203202,2:54
2,305,104724020,,,251202,2:54
2,305,104725020,,,203202,2:54
2,305,104726020,,,251202,2:54
2,305,104713020,,,202202,2:54
2,305,104728020,,,251202,2:54
2,305,104714020,,,201202,2:54
14,305,107441020,,,14031402,14:03
14,305,107621020,,,14031402,14:03
14,305,107623020,,,14031402,14:03
14,305,107624020,,,14031402,14:03
14,305,107625020,,,14031402,14:03
14,305,107626020,,,14031402,14:03
14,305,107627020,,,14031402,14:03
14,305,107628020,,,14031402,14:03
14,305,107629020,,,14031402,14:03
14,305,107630020,,,14031402,14:03
14,305,107622020,,,14031402,14:03
14,305,107638020,,,14031402,14:03
14,305,107617020,,,14031402,14:03
14,305,107620020,,,14031402,14:03
14,305,107631020,,,14031402,14:03
14,305,107618020,,,14031402,14:03
14,305,107450020,,,14031402,14:03
14,305,107616020,,,14031402,14:03
14,305,107615020,,,14031402,14:03
14,305,107614020,,,14031402,14:03
14,305,107470020,,,14031402,14:03
14,305,107462020,,,14031402,14:03
14,305,107619020,,,14031402,14:03
10C,305,104786020,,,1510102,10C:04
10C,305,104785020,,,1013102,10C:04
14,305,102601020,,,14031402,14:04
14,305,102535020,,,14011402,14:04
14,305,102536020,,,14021402,14:04
4,305,103374020,,,405402,4:07
21,58,103067070,,,409407,21:56
21,58,103066070,,,406407,21:56
21,58,103075070,,,407407,21:56
21,64,104774010,,,401401,21:56
21,64,104777010,,,402401,21:56
21,64,104778010,,,402401,21:56
21,58,103074070,,,453407,21:56
21,58,103072070,,,454407,21:56
21,58,103068070,,,403407,21:56
21,58,103063070,,,401407,21:56
21,58,103064070,,,408407,21:56
21,58,103065070,,,402407,21:56
21,64,104780010,,,401401,21:56
21,64,104781010,,,403401,21:56
21,64,104782010,,,403401,21:56
21,58,103070070,,,408407,21:56
4,305,103378020,,,408402,4:62
4,305,103375020,,,405402,4:62
4,305,103380020,,,4012402,4:63
4,305,103388020,,,4502402,4:63
14,305,107607020,,,14031402,14:02
14,305,107598020,,,14031402,14:02
14,305,107599020,,,14031402,14:02
14,305,107600020,,,14031402,14:02
14,305,107601020,,,14031402,14:02
14,305,107602020,,,14031402,14:02
14,305,107603020,,,14031402,14:02
14,305,107604020,,,14031402,14:02
14,305,107597020,,,14031402,14:02
14,305,107606020,,,14031402,14:02
14,305,107608020,,,14031402,14:02
14,305,107469020,,,14031402,14:02
14,305,107609020,,,14031402,14:02
14,305,107611020,,,14031402,14:02
14,305,107612020,,,14031402,14:02
14,305,107357020,,,14031402,14:02
14,305,107455020,,,14031402,14:02
14,305,107447020,,,14031402,14:02
14,305,107605020,,,14031402,14:02
14,305,107610020,,,14031402,14:02
14,305,107595020,,,14031402,14:02
14,305,107594020,,,14031402,14:02
14,305,107596020,,,14031402,14:02
28,305,103100020,,,28022802,28:02
28,305,103106020,,,65374502,28:02
28,305,103095020,,,28012802,28:02
28,305,103136020,,,65374502,28:52
28,305,103138020,,,28012802,28:52
28,305,103127020,,,28022802,28:52
4,305,103298020,,,454402,4:05
4,58,103423070,,,455407,4:05
4,305,103290020,,,4051402,4:05
4,58,103403070,,,406407,4:05
4,58,103404070,,,407407,4:05
4,58,103405070,,,451407,4:05
4,58,103406070,,,409407,4:05
4,58,103408070,,,4010407,4:05
4,58,103399070,,,403407,4:05
4,58,103418070,,,404407,4:05
4,58,103391070,,,402407,4:05
4,58,103425070,,,457407,4:05
4,58,103431070,,,454407,4:05
4,58,103432070,,,450407,4:05
4,64,103476010,,,401401,4:05
4,64,103477010,,,402401,4:05
4,305,104565020,,,4011402,4:05
4,64,104760010,,,403401,4:05
4,58,103412070,,,453407,4:05
4,305,103284020,,,404402,4:05
4,305,103255020,,,4082402,4:05
4,305,103256020,,,451402,4:05
4,305,103257020,,,452402,4:05
4,305,103258020,,,453402,4:05
4,305,103259020,,,455402,4:05
4,305,103271020,,,4501402,4:05
4,305,103273020,,,409402,4:05
4,58,103401070,,,408407,4:05
4,305,103283020,,,403402,4:05
4,305,103251020,,,402402,4:05
4,305,103286020,,,406402,4:05
4,305,103287020,,,407402,4:05
4,305,103293020,,,456402,4:05
4,305,103299020,,,4012402,4:05
4,305,103310020,,,4010402,4:05
4,305,103318020,,,401402,4:05
4,58,103390070,,,401407,4:05
4,305,103276020,,,4081402,4:05
4,305,103336020,,,456402,4:60
4,305,103330020,,,453402,4:60
4,305,103325020,,,409402,4:60
4,305,103326020,,,403402,4:60
4,305,103327020,,,404402,4:60
4,305,103333020,,,455402,4:60
4,305,103343020,,,401402,4:60
4,305,103355020,,,158102,4:60
4,305,103358020,,,452402,4:60
4,305,103360020,,,459402,4:60
4,305,103363020,,,454402,4:60
4,305,103382020,,,451402,4:60
4,305,103379020,,,4501402,4:60
4,305,103322020,,,4081402,4:60
4,305,103385020,,,457402,4:60
4,305,103386020,,,458402,4:60
4,58,103436070,,,454407,4:60
4,58,103440070,,,455407,4:60
4,58,103441070,,,955907,4:60
4,58,103442070,,,457407,4:60
4,58,103467070,,,453407,4:60
4,58,103474070,,,458407,4:60
4,58,103475070,,,450407,4:60
4,305,104566020,,,4011402,4:60
4,305,103368020,,,407402,4:60
4,58,103437070,,,954907,4:61
9,305,104790020,,,904902,9:03
9,305,103738020,,,903902,9:03
9,305,103737020,,,901902,9:03
9,58,103803070,,,955907,9:03
9,58,103802070,,,954907,9:03
9,58,103791070,,,903907,9:03
9,58,103790070,,,902907,9:03
9,58,103789070,,,901907,9:03
9,305,103746020,,,951902,9:03
9,305,103782020,,,954902,9:52
9,305,103786020,,,903902,9:52
9,58,103815070,,,105107,9:52
9,58,103817070,,,902907,9:52
9,58,103827070,,,9531907,9:52
9,58,103828070,,,151107,9:52
9,305,104739020,,,905902,9:52
9,305,104797020,,,904902,9:52
9,58,103822070,,,403407,9:52
9,305,103769020,,,902902,9:52
15,58,102781070,,,402407,15:02
15,58,102777070,,,406407,15:02
15,58,102778070,,,401407,15:02
15,58,102780070,,,451407,15:02
15,58,102788070,,,455407,15:02
15,58,102787070,,,409407,15:02
15,58,102785070,,,407407,15:02
15,58,102784070,,,407407,15:02
15,58,102783070,,,404407,15:02
15,58,102782070,,,104107,15:02
15,58,102779070,,,403407,15:02
15,305,102745020,,,15011502,15:03
15,305,102754020,,,15511502,15:03
15,58,102786070,,,458407,15:03
15,58,102791070,,,406407,15:54
15,305,102769020,,,15011502,15:54
15,305,102776020,,,15511502,15:54
15,58,102789070,,,401407,15:54
15,58,102799070,,,409407,15:54
15,58,102793070,,,104107,15:54
15,58,102798070,,,451407,15:54
15,58,102794070,,,404407,15:54
15,58,102796070,,,407407,15:54
16,64,102903010,,,101101,16:06
16,64,102905010,,,101101,16:06
16,64,102904010,,,101101,16:06
16,64,102907010,,,101101,16:06
16,64,102906010,,,101101,16:06
16,305,102824020,,,901902,16:56
16,305,102811020,,,902902,16:07
16,305,102804020,,,905902,16:07
16,58,102878070,,,956907,16:08
16,58,102876070,,,9531907,16:08
16,64,102914010,,,101101,16:57
16,64,102915010,,,401401,16:57
16,58,102887070,,,901907,16:57
16,58,102898070,,,954907,16:57
16,58,102893070,,,956907,16:57
16,58,102888070,,,903907,16:57
16,305,102866020,,,951902,16:57
16,305,102870020,,,953902,16:57
19,305,102929020,,,19511902,19:54
19,305,102927020,,,19011902,19:54
19,305,102931020,,,19521902,19:54
19,305,102932020,,,19021902,19:54
19,305,102930020,,,19521902,19:55
2,305,102933020,,,202202,2:02
2,305,104722020,,,201202,2:53
2,305,104717020,,,202202,2:53
21,305,102983020,,,201202,21:02
21,305,104586020,,,251202,21:02
21,305,104581020,,,203202,21:02
21,64,104784010,,,402401,21:55
21,305,104678020,,,251202,21:55
21,305,104673020,,,203202,21:55
21,58,103076070,,,408407,21:55
21,58,103069070,,,4010407,21:55
